16 04 19 01 17 13 05 02 08 18 05 07 04 09 12 03 16 01 02 01 13 06 18 05 14 09 07 05 08 14 07 02 11 06 03 19 13 12 01 05 06 09 07 18 14 19 07 06 18 03 04 12 01 05 07 06 12 09 14 08 11 05 03 04 19 05 13 01 06 08 07 12 01 03 08 12 15 07 19 04 16 
16 00 19 00 17 13 00 00 00 18 00 00 00 00 12 00 16 00 00 00 13 00 18 00 14 00 00 00 00 14 00 00 11 00 00 19 13 12 00 00 00 00 00 18 14 19 00 00 18 00 00 12 00 00 00 00 12 00 14 00 11 00 00 00 19 00 13 00 00 00 00 12 00 00 00 12 15 00 19 00 16 
02346789 0234789 036789 012568 012467 01269 034589 0456789 04589 01245689 01245689 19 16 12 11 15 04 08 18 0234789 036789 0125689 01246789 012689 034589 0456789 19 09 14 0246789 045689 0246789 014689 08 16 0246789 0246789 0246789 17 18 04 16 19 046789 046789 06 12 08 0245678 024678 01246789 04 17 0246789 12 0246 0246789 02456789 024579 01245679 0234589 023467 14 04 02345679 16 15 17 19 13 0345679 03456789 024689 0246 0246789 056789 024579 015679 0234589 023467 023489 
08 01235689 01235689 01 15 13 19 02 06 05 09 02456789 18 06 02 02345689 14 01245689 02456789 01345789 01345789 19 04 07 08 02456789 15 09 18 15 06 03 01 04 07 12 14 01245789 01245789 01345689 01345689 09 05 08 11 12 02345689 02345689 04 08 05 13 16 09 17 0456789 045679 05 01345678 14 06 0245678 01245679 02456789 15 05679 01345689 0134568 16 03456789 0245678 0125679 06 01356789 19 13 11 08 01345689 05 01235689 
01356789 17 08 01789 11 015789 0156789 19 01256789 19 06 02346789 18 0126789 0156789 056789 0126789 17 01356789 02346789 13 013678 012368 013568 035679 0123679 16 07 14 01234578 0124578 012457 11 15 02 0124567 08 13 0123478 01378 012378 013578 07 11 01235678 01 01234678 12 17 01267 012567 0125679 16 012567 15 02 0123568 0125678 01256 01256 16 0125679 01 16 02345678 023568 025678 01256 15 012567 0125679 12 03 18 0235678 023578 12 0123578 01235678 17 05 
11 013479 013579 0123679 0126789 17 0135789 19 0125789 0123689 13 01235789 023678 12 0234678 023589 0123589 18 013569 0134569 19 16 0256789 0245679 15 015689 0256789 013569 0134569 15 13 0234589 0345789 19 012359 0235789 0123568 11 01256789 0123468 18 0123478 0123589 01289 12 16 013456 0145679 03468 023468 14 0234569 012469 0246789 13 01347 0134579 0136 01238 01347 013579 11 012378 013467 14 01 013467 012478 0147 0134579 013479 17 013467 01347 17 0367 02378 0347 13 01379 012378 
01245678 15 02 02345678 024579 01245679 04 17 01234578 14 024569 0124569 0234678 02489 01245689 0124789 0246789 12 0124568 0245689 16 14 024689 12 18 0246789 01234678 16 01234569 012346 13 01345689 11 0134689 0123467 14 0124689 12 012689 08 19 01235689 01 16 01234689 11 0123569 012356 16 0135689 15 01345689 01234567 13 02 01256789 11 17 012679 16 19 0126789 01234679 18 06 012689 02 0126789 09 0124689 0126789 11 0124689 19 012689 02346789 02679 0125679 012489 12 012349 
025789 025679 12 0123478 02378 02356789 17 012679 01234679 15 0235689 0234589 13 03589 18 0356789 01356789 19 0256789 19 024569 0134689 03689 035689 05679 16 0134679 17 0356789 02346789 18 0346789 19 06 0136789 13 0356789 16 0234679 0134689 13 0345689 0135679 19 013469 19 0145679 0124679 14 0134689 16 01345679 013469 11 0145789 15 012458 013458 0135 015689 014567 11 013459 18 0145689 012458 11 013458 15 0145678 0145689 14 045789 045689 14 013458 01345 0145689 15 014569 013459 
01234569 19 0234579 01235679 01235789 15 03 0345689 01345689 01235689 0235789 12 09 13 02345789 15 0235689 18 05 13 0235679 12 17 02345679 01235678 0235678 16 03 12 17 11 01234679 19 0123579 01235789 01236789 16 0123679 0123567 03 0134679 07 01234567 01345678 11 01234567 0234679 0234567 16 0134679 14 17 13 0134678 12 0123589 0123578 05 11 13 0123578 18 0123568 11 0123589 15 01235679 19 01234579 12 0123589 03 0123567 0123579 03 17 01235789 02 01 15 01235678 
15 14 07 19 02345679 02345679 01345789 13 01345789 03 12 06 15 17 04 11 09 08 02345678 02345678 08 06 03 12 05 07 14 17 0234578 02345678 18 0123578 05 0125789 12 01245789 04 18 13 07 02 02345789 19 15 02345789 01234578 15 02 02356789 01234578 13 08 02356789 17 12 0234589 05 13 023579 0234579 01235689 02356789 09 08 02345689 14 03456789 15 19 0145689 16 0456789 0234578 13 02345678 0356789 0235789 17 01356789 18 15 
14 11 13 01234689 01345678 01345678 08 06 01234689 08 01345789 01345789 11 0123689 01235689 19 03 01234689 19 07 15 16 03 08 04 01 12 17 0123578 11 01235678 0123578 15 03 02 18 05 18 01356789 03 0135689 0135689 01 19 06 13 0134578 0134578 18 01 0134578 17 05 14 12 05 01235678 01235678 08 11 16 07 13 06 01235678 17 02 01235678 13 05 08 01 01 03 08 01234689 0123489 01234589 12 14 19 
00 00 00 00 00 00 00 00 00 00 00 00 00 00 00 00 00 00 00 00 00 00 00 00 00 00 00 00 00 00 00 00 00 00 00 00 00 00 00 00 00 00 00 00 00 00 00 00 00 00 00 00 00 00 00 00 00 00 00 00 00 00 00 00 00 00 00 00 00 00 00 00 00 00 00 00 00 00 00 00 00 
